17.76
13.61
49.54
27.5
39.95
95.1
76.23
32.42
5.37
67.09
39.39
10.14
88.87
45.11
71.11
20.36
93.76
77.79
83.79
39.19
52.54
51.7
21.61
43.06
83.25
20.99
90.55
51.9
18.46
35.05
14.9
52.57
87.23
56.17
67.69
54.52
92.02
26.95
40.16
3.64
19.57
43.13
19.49
88.43
75.24
3.55
7.24
56.38
60.82
19.28
98.55
37.43
28.02
34.56
47.24
60.1
42.15
6.1
0.03
92.81
26.16
5.2
59.28
78.29
78.84
10.9
33.31
43.21
47.95
74.69
56.75
41.4
47.05
88.71
2.16
37.88
81.85
58.29
84.27
20.27
91.3
14.95
15.32
21.62
94.35
91.07
75.16
35.51
94.09
67.56
17.74
51.79
35.84
63.66
69.81
63.48
12.06
59.22
39.84
99.44
21.86
9.7
79.85
59.04
76.35
30.27
73.33
66.56
47.66
19.54
15.11
87.8
65.3
98.42
77.15
22.76
33.97
55.14
91.32
37.31
4.44
39.85
79.73
37.12
97.02
49.31
50.45
48.08
81.04
72.98
8.31
59.92
1.53
6.82
63.97
77.22
9.19
5.71
52.46
44.58
33.7
45.13
73.99
17.79
11.17
83.28
48.21
72.01
7.91
1.85
65.91
51.61
24.6
77.78
16.43
33.47
91.29
88.79
29.66
44.23
75.41
66.48
97.96
2.38
45.55
79.42
56.98
88.16
69.4
60.91
70.4
32.27
76.91
98.63
33.79
13.49
68.45
36.44
88.03
6.78
59.62
53.25
74.72
63.28
42.6
62.66
45.56
89.51
21.96
48.46
99.19
5.72
84.61
45.31
98.08
99.34
76.05
98.24
34.01
81.39
